1557494310.509
2014.917
2015.000
2015.000
2015.083
2015.167
2015.417
2015.417
2015.500
2015.750
2015.750
2015.750
2015.750
2015.833
2015.833
2015.917
2015.917
2015.917
2015.917
2016.000
2016.000
2016.000
2016.083
2016.083
2016.083
2016.167
2016.167
2016.250
2016.250
2016.250
2016.333
2016.333
2016.417
2016.417
2016.417
2016.417
2016.500
2016.500
2016.500
2016.500
2016.583
2016.583
2016.583
2016.583
2016.667
2016.667
2016.667
2016.667
2016.667
2016.667
2016.667
2016.667
2016.667
2016.667
2016.750
2016.750
2016.750
2016.750
2016.750
2016.833
2016.833
2016.833
2016.833
2016.833
2016.833
2016.833
2016.833
2016.833
2016.833
2016.917
2016.917
2016.917
2016.917
2016.917
2017.000
2017.000
2017.000
2017.000
2017.000
2017.000
2017.000
2017.000
2017.000
2017.000
2017.000
2017.000
2017.000
2017.000
2017.000
2017.083
2017.083
2017.083
2017.083
2017.083
2017.083
2017.083
2017.167
2017.167
2017.167
2017.167
2017.167
2017.167
2017.167
2017.167
2017.167
2017.167
2017.167
2017.250
2017.250
2017.250
2017.250
2017.250
2017.250
2017.250
2017.250
2017.250
2017.333
2017.333
2017.333
2017.333
2017.333
2017.333
2017.333
2017.333
2017.417
2017.417
2017.417
2017.500
2017.500
2017.500
2017.500
2017.500
2017.500
2017.500
2017.500
2017.500
2017.500
2017.583
2017.583
2017.583
2017.583
2017.583
2017.583
2017.583
2017.583
2017.583
2017.583
2017.583
2017.583
2017.583
2017.583
2017.583
2017.583
2017.583
2017.667
2017.667
2017.667
2017.667
2017.667
2017.667
2017.667
2017.667
2017.667
2017.667
2017.667
2017.667
2017.667
2017.667
2017.667
2017.667
2017.667
2017.667
2017.667
2017.667
2017.667
2017.667
2017.667
2017.667
2017.667
2017.750
2017.750
2017.750
2017.750
2017.750
2017.833
2017.833
2017.833
2017.833
2017.833
2017.833
2017.833
2017.833
2017.833
2017.833
2017.833
2017.833
2017.833
2017.833
2017.833
2017.833
2017.833
2017.917
2017.917
2017.917
2017.917
2017.917
2017.917
2017.917
2017.917
2017.917
2017.917
2017.917
2017.917
2017.917
2017.917
2017.917
2017.917
2017.917
2017.917
2018.000
2018.000
2018.000
2018.000
2018.000
2018.000
2018.000
2018.000
2018.000
2018.000
2018.000
2018.000
2018.000
2018.000
2018.000
2018.000
2018.000
2018.000
2018.000
2018.000
2018.000
2018.000
2018.000
2018.083
2018.083
2018.083
2018.083
2018.083
2018.083
2018.083
2018.083
2018.083
2018.083
2018.083
2018.083
2018.083
2018.167
2018.167
2018.167
2018.167
2018.167
2018.167
2018.167
2018.167
2018.167
2018.167
2018.167
2018.167
2018.167
2018.167
2018.167
2018.167
2018.167
2018.167
2018.167
2018.167
2018.250
2018.250
2018.250
2018.250
2018.250
2018.250
2018.250
2018.250
2018.250
2018.250
2018.250
2018.250
2018.250
2018.250
2018.250
2018.250
2018.250
2018.250
2018.250
2018.250
2018.250
2018.250
2018.250
2018.250
2018.333
2018.333
2018.333
2018.333
2018.333
2018.333
2018.333
2018.333
2018.333
2018.333
2018.333
2018.333
2018.333
2018.333
2018.333
2018.333
2018.333
2018.333
2018.417
2018.417
2018.417
2018.417
2018.417
2018.417
2018.417
2018.417
2018.417
2018.417
2018.417
2018.417
2018.417
2018.417
2018.417
2018.417
2018.417
2018.417
2018.417
2018.417
2018.417
2018.417
2018.417
2018.417
2018.417
2018.417
2018.500
2018.500
2018.500
2018.500
2018.500
2018.500
2018.500
2018.500
2018.500
2018.500
2018.500
2018.500
2018.500
2018.500
2018.500
2018.500
2018.500
2018.500
2018.500
2018.500
2018.500
2018.500
2018.500
2018.500
2018.500
2018.500
2018.500
2018.500
2018.500
2018.500
2018.500
2018.583
2018.583
2018.583
2018.583
2018.583
2018.583
2018.583
2018.583
2018.583
2018.583
2018.583
2018.583
2018.583
2018.583
2018.583
2018.583
2018.583
2018.583
2018.583
2018.583
2018.583
2018.583
2018.667
2018.667
2018.667
2018.667
2018.667
2018.667
2018.667
2018.667
2018.667
2018.667
2018.667
2018.750
2018.750
2018.750
2018.750
2018.750
2018.750
2018.750
2018.750
2018.750
2018.750
2018.750
2018.750
2018.750
2018.750
2018.750
2018.750
2018.750
2018.750
2018.833
2018.833
2018.833
2018.833
2018.833
2018.833
2018.833
2018.833
2018.833
2018.833
2018.833
2018.833
2018.833
2018.833
2018.833
2018.833
2018.833
2018.833
2018.833
2018.833
2018.917
2018.917
2018.917
2018.917
2018.917
2018.917
2018.917
2018.917
2018.917
2018.917
2018.917
2018.917
2018.917
2018.917
2018.917
2018.917
2018.917
2018.917
2018.917
2018.917
2019.000
2019.000
2019.000
2019.000
2019.000
2019.000
2019.000
2019.000
2019.000
2019.000
2019.000
2019.000
2019.000
2019.000
2019.000
2019.000
2019.000
2019.000
2019.000
2019.000
2019.000
2019.000
2019.000
2019.000
2019.000
2019.000
2019.083
2019.083
2019.083
2019.083
2019.083
2019.083
2019.083
2019.083
2019.083
2019.083
2019.083
2019.083
2019.083
2019.083
2019.083
2019.083
2019.083
2019.083
2019.083
2019.083
2019.167
2019.167
2019.167
2019.167
2019.167
2019.167
2019.167
2019.167
2019.167
2019.167
2019.167
2019.167
2019.167
2019.167
2019.167
2019.167
2019.167
2019.167
2019.250
2019.250
2019.250
2019.250
2019.250
2019.250
2019.250
2019.250
2019.250
2019.250
2019.250
2019.250
2019.250
2019.250
2019.250
2019.250
2019.250
2019.250
2019.250
2019.250
2019.250
2019.250
2019.250
2019.250
2019.250
2019.250
2019.250
2019.250
2019.250
2019.250
2019.250
2019.250
2019.250
2019.250
2019.250
2019.250
2019.250
2019.250
2019.333
2019.333
2019.333
2019.333
2019.333
2019.333
2019.333
2019.333
2019.333
2019.333
2019.333
2019.333
2019.333
2019.333
2019.333
2019.333
2019.333
2019.333
2019.333
2019.333
2019.333
2019.333
2019.333
2019.333
2019.333
2019.417
2019.417
2019.417
2019.417
2019.417
2019.417
2019.417
2019.417
2019.417
2019.417
2019.500
2019.500
2019.500
2019.500
2019.500
2019.500
2019.500
2019.500
